
points =

    0.8173    0.4084    0.4065
    0.8159    0.4076    0.4101
    0.8175    0.4044    0.4101
    0.8157    0.4116    0.4065

